.Random.seed <-
c(403L, 160L, 1166976101L, -993688548L, 697035378L, 937970925L, 
-328420057L, -335134386L, 1121841576L, -1431083605L, 1045946057L, 
-83745064L, -195433594L, 1673076321L, 1773594611L, -1646839198L, 
602053844L, 854080983L, 1707374541L, -754769052L, 1519298378L, 
-1666392395L, 1535301135L, -2078742762L, 986603968L, 1585152387L, 
903550881L, -562260080L, 93301870L, -1801389543L, -372563285L, 
-603523430L, 1328620124L, -1564647585L, 1901801781L, -1272540980L, 
-1623606750L, 1004336253L, -135295625L, 1331880606L, -652005032L, 
1274456251L, 393049689L, 1835394536L, -903634922L, 54381457L, 
153416771L, -673510574L, -145666076L, -16658905L, -514111875L, 
-1571858572L, 1317161818L, -454812251L, 1597020607L, -2053795258L, 
432865488L, -1358472461L, 1456643089L, -1650808256L, 999353886L, 
265955561L, -586192357L, -434628054L, -1607283380L, 130256655L, 
-125463995L, -595561476L, -1367774638L, 1600100301L, 1890140551L, 
294114414L, -306525112L, 2095216203L, -955380823L, -202964232L, 
512484902L, 52461377L, 1161020627L, 1529628802L, 828597940L, 
-2137619913L, 1325844781L, -1396381116L, 1728239466L, -704035883L, 
-147696273L, -1616293770L, 370441120L, -699311005L, 131983617L, 
1223418992L, 1038008334L, 178675833L, 1942511627L, 1633005882L, 
-2004635588L, 148453247L, 76270805L, -878825236L, 624028226L, 
193392029L, 1500911639L, -425190018L, 2095235896L, 1352260635L, 
1809884537L, 1283019720L, 1511612406L, 568451633L, -983231389L, 
831216690L, 806336900L, -607240249L, 712585885L, -1604455916L, 
745291962L, 1453403397L, 354735839L, -2100454554L, 1026554608L, 
-1993192941L, -449059919L, 1417039456L, -220201986L, 796197769L, 
30909627L, 20971658L, 449430380L, -705148689L, 2000143141L, -1872605732L, 
107256754L, 59097773L, 1561049703L, -1082635890L, 1046961768L, 
-1274385813L, 1507361801L, -862365032L, -2024497722L, -198296287L, 
1561472435L, -617567966L, -127614188L, -1749034089L, -1844722803L, 
1584365220L, 1249456266L, -59328779L, 1280461135L, -1725684138L, 
-781034240L, 1717020739L, -636711967L, 474796880L, 171394478L, 
1541016409L, -829906581L, 1981941978L, -659988068L, -943927905L, 
299245557L, 1821019788L, -1579930782L, 52659005L, -982797385L, 
188758110L, 970356120L, -168591109L, 1099431065L, -1594811096L, 
-405869610L, 1097904209L, 1641808643L, -133500270L, -1137672156L, 
-513397017L, -1886829763L, 1468627892L, -15816678L, -1833919643L, 
1038026239L, 522389638L, 1126478864L, 602105523L, -919808687L, 
566267136L, 504207326L, 1458738217L, -319327269L, 1086154986L, 
252798604L, 222550479L, -1311715963L, -1439140292L, -1167680750L, 
-366184435L, -1759671481L, 2002034990L, 99240072L, -1028207221L, 
-763300503L, -268118216L, 1349376486L, -1406673535L, 244175123L, 
-1433227582L, 1030998388L, 1618915703L, 1593139821L, 2092690692L, 
491980842L, -1701952107L, 1707420207L, 791213878L, 1914169184L, 
1521888675L, 1112590017L, -867696976L, -795444786L, -469676743L, 
-186490549L, 1568809722L, -268684292L, -566102977L, -519844587L, 
317765164L, -736896254L, 864994362L, 2120076240L, 1051208300L, 
-161439180L, -1376474478L, 355231072L, 284096844L, 1083074528L, 
1358026146L, 1996228008L, -1761982836L, -1017856580L, 2027896434L, 
797979632L, 393170500L, -265133992L, 243394618L, 1172058224L, 
474241084L, 995746068L, 2068906690L, 2100070112L, 45250684L, 
-451406128L, 495344034L, 1522841640L, 1482738444L, 100633020L, 
-815504590L, 659229376L, 232238132L, 771145416L, 1628075194L, 
436590224L, -16437524L, -1710499244L, -1292582254L, -1615279840L, 
-204942900L, -350207264L, 726057154L, -1450226648L, -2007525460L, 
-810915140L, 2132401138L, 1959761456L, -739143772L, 1488211384L, 
-318269606L, 358518928L, 573328252L, 546480404L, 238061890L, 
1920618752L, 1510137276L, 252780880L, 262691106L, 1813289544L, 
847736844L, -808393124L, -1193653806L, 1029142016L, -1232394924L, 
-720687896L, -2054926086L, 830695120L, -993154260L, -465080076L, 
1138416018L, -489570976L, -1250993140L, -1368310560L, -182586782L, 
2107040936L, 311753804L, -108968068L, 1990940978L, -314629520L, 
216851268L, 1110787032L, 20927354L, 511858736L, 21270460L, 514847316L, 
-1997197246L, 291352224L, 85852860L, 268209104L, 368917858L, 
-1835708696L, 1659825356L, -1959435780L, 2109832690L, -1449745280L, 
-1268995596L, -1116779896L, 383130426L, 60460368L, 898215020L, 
-675228268L, 484106322L, 1942224352L, 977196236L, -889454944L, 
332034434L, -1452693272L, 2101938924L, -1675025092L, -1452461966L, 
-118926736L, 1070176804L, 400500792L, 811518234L, 1275331792L, 
883706172L, -731843692L, 1007748994L, 1456622528L, 1899501116L, 
1119879568L, -937387998L, -1297771256L, -1069881204L, -2136805604L, 
1694536850L, -979102336L, 2047598612L, 910919464L, 998655546L, 
2053362128L, 1142405484L, -346340428L, 1742260754L, 1846216672L, 
730606028L, 390396128L, 98880546L, 1636504360L, -689473012L, 
448353084L, 352710642L, 807191280L, -640394684L, 1161084504L, 
-310888646L, -1600614416L, 893264572L, 1064457492L, 1124408514L, 
1308114016L, -1684642436L, -1220239408L, -1321586398L, -1739188568L, 
651499404L, -1017396036L, -1153172686L, -1360239040L, -77175628L, 
730223688L, 1604244922L, -648201712L, -406487828L, -1899470508L, 
-761744622L, -1760793184L, 624548556L, 1808898656L, 1402187714L, 
740619048L, -1187300948L, -2122597060L, 395279218L, 1466199344L, 
-1819646172L, 621503800L, -52377894L, -2085470320L, -1811293444L, 
1124768660L, 132707394L, -1577347840L, 578807868L, -857154224L, 
-1173207902L, -1329657016L, 1440644876L, -1414775076L, -1098453166L, 
-1077700992L, 1382078548L, -841636888L, -289445126L, 207181136L, 
-841449684L, 177546100L, -16112750L, -1727655328L, 759101324L, 
615143264L, -1577188382L, 213326760L, 682609868L, 1451719164L, 
634034098L, 1053861360L, 287491524L, -565569192L, 1336003962L, 
-109560400L, 1585324988L, 41840724L, 1378258882L, -2138726368L, 
629059772L, -1290593712L, 1404028898L, 137035368L, -185356724L, 
336122108L, -1497917454L, -2019793664L, -1259707532L, 607395848L, 
-1888366150L, -763568688L, -1649142804L, -470054797L, 34644693L, 
-2030583630L, -890895232L, 1073920105L, 358896859L, -1611196372L, 
1581959226L, -1716418833L, 1468213625L, 991720974L, -1131694116L, 
-497704883L, 890323895L, -1295614656L, -187278306L, -376403221L, 
431637101L, -1497550118L, 1369688728L, -397457151L, 124292787L, 
-24958508L, -2074343198L, -204975753L, 163631297L, -1649628090L, 
634860420L, 438641973L, 1758929695L, -858536328L, 1846459222L, 
-209632797L, 1906677669L, 1976923714L, -889537488L, 303718489L, 
-2122002997L, 1845149244L, -1920343958L, -940811617L, -267884759L, 
674388926L, -2022012244L, -1398450179L, 49569607L, 1248550960L, 
468511054L, 1734193531L, 1418905309L, -1670054134L, 795571752L, 
-2063376751L, 916715139L, -1807374460L, 1275829682L, -1035840761L, 
337406289L, -1391185706L, -1446765132L, 1783790021L, 1080998159L, 
1784547208L, -774850906L, 947021395L, 580868021L, 1891611922L, 
-1320710432L, -971762871L, -1141387909L, 1811138636L, -764554790L, 
612019151L, 612214169L, -1082131026L, -1575761220L, -1125274835L, 
-1661953833L, -6446816L, 629352062L, -303484853L, 379783757L, 
-569354118L, 1861986488L, 1189825121L, 567701523L, -988422604L, 
795424834L, -1453017001L, -126166111L, -1705108378L, -680364956L, 
-1303064683L, -1107187521L, 914823256L, -1122907018L, -1762372477L, 
1448588485L, -1235635742L, -94259120L, -1354135175L, 1360039595L, 
-263240164L, -1439600310L, -1850941121L, -2040608887L, -349395042L, 
-1632029108L, 27901981L, -1201663577L, -856353584L, 1727420014L, 
-559091429L, 1500865149L, -1189611414L, -1080736504L, -1044606543L, 
1962206755L, -1786748124L, 1688273874L, 2049310759L, -1444816271L, 
67604662L, -393615276L, -585934619L, -1587809041L, -473270232L, 
927419526L, -1412823373L, 651986965L, -879629710L, -555354432L, 
-793621719L, 1023674779L, -1480503700L, 991588986L, -1011567697L, 
1249683129L, 818546894L, 613163548L, -1264096883L, 1269344247L, 
490842880L, 1911116126L, 1032925739L, -179299027L, -539410022L, 
1740357464L, -1628449087L, 697182579L, 70058644L, -529778910L, 
